SIZES
  narena                54525952
  nbuffer               350544
  nplugin               0
  maxuse_stack          2252
  maxuse_arena          29304
  maxuse_con            0
  maxuse_efc            1
  solver_nisland        1
  ne                    0
  nf                    0
  nl                    1
  nefc                  1
  nnzJ                  9
  ncon                  0
  nisland               0
  threadpool            0

TIMER
    0:  duration =  61         number = 250
    1:  duration =  60         number = 249
    2:  duration =  0          number = 0
    3:  duration =  51         number = 250
    4:  duration =  2.3        number = 250
    5:  duration =  0.77       number = 250
    6:  duration =  3.6        number = 250
    7:  duration =  0.91       number = 250
    8:  duration =  5.9        number = 250
    9:  duration =  1.1        number = 250
    10:  duration =  41         number = 250
    11:  duration =  2.2        number = 250
    12:  duration =  0.066      number = 250
    13:  duration =  7          number = 250
    14:  duration =  16         number = 250

SOLVER STAT
  solver_nisland = 1
  solver_fwdinv =   0         0       
  ISLAND 0
    solver_niter = 1
    solver_nnz = 81
      0:  improvement =  1.1e-08     gradient =  8.8e-19     lineslope =  0       
          nactive = 1   nchange = 0   neval = 2   nupdate = 0

ENERGY =   0         0       

TIME =  18      

QPOS
  -0.71    
   0.67    
  -0.21    
  -1.9     
   0.17    
   0.75    
   0.52    
  -9.4e-07 
   0.00022 

QVEL
  -0.00061 
   0.0084  
  -8.8e-05 
   0.0021  
   0.00021 
  -8.5e-05 
  -8.6e-05 
   7.6e-08 
  -1.6e-05 

QACC_WARMSTART
   0.0054  
   0.004   
  -0.0027  
  -0.028   
   0.0053  
   0.013   
  -0.0022  
   7e-06   
  -1.2e-05 

CTRL
  -0.71    
   0.57    
  -0.22    
  -1.8     
   0.18    
   0.77    
   0.52    
   0       
   0       

QFRC_APPLIED
   0       
   0       
   0       
   0       
   0       
   0       
   0       
   0       
   0       

XFRC_APPLIED
   0         0         0         0         0         0       
   0         0         0         0         0         0       
   0         0         0         0         0         0       
   0         0         0         0         0         0       
   0         0         0         0         0         0       
   0         0         0         0         0         0       
   0         0         0         0         0         0       
   0         0         0         0         0         0       
   0         0         0         0         0         0       
   0         0         0         0         0         0       
   0         0         0         0         0         0       
   0         0         0         0         0         0       
   0         0         0         0         0         0       
   0         0         0         0         0         0       
   0         0         0         0         0         0       

QACC
   0.0054  
   0.004   
  -0.0027  
  -0.028   
   0.0053  
   0.013   
  -0.0022  
   7e-06   
  -1.2e-05 

SENSOR
  -0.71    
   0.67    
  -0.21    
  -1.9     
   0.17    
   0.75    
   0.52    
  -0.00061 
   0.0084  
  -8.8e-05 
   0.0021  
   0.00021 
  -8.5e-05 
  -8.6e-05 
  -9.4e-07 
   0.00022 
   7.6e-08 
  -1.6e-05 

XPOS
   0         0         0       
   0         0         0.78    
   0         0         0.78    
   0         0         1.1     
   0         0         1.1     
   0.13      0.15      1.4     
   0.18      0.19      1.3     
   0.43      0.35      1       
   0.43      0.35      1       
   0.5       0.39      1       
   0.5       0.39      1       
   0.48      0.37      0.87    
   0.48      0.37      0.87    
   0         0.47      0       
   0         0.47      0       

XQUAT
   1         0         0         0       
   0.71      0         0         0.71    
   0.71      0         0         0.71    
   0.91      0         0         0.42    
   0.51     -0.7      -0.067     0.49    
   0.89     -0.17      0.28      0.3     
   0.46     -0.022     0.66     -0.59    
   0.31     -0.27      0.91      0.073   
   0.7       0.65      0.25      0.13    
   0.083     0.93     -0.36     -0.043   
   0.083     0.93     -0.36     -0.043   
   0.06      1         0.019    -0.072   
   0.06      1         0.019    -0.072   
   1         0         0         0       
   1         0         0         0       

XMAT
   1         0         0         0         1         0         0         0         1       
   0.0008   -1         0         1         0.0008    0         0         0         1       
   0.0008   -1         0         1         0.0008    0         0         0         1       
   0.65     -0.76      0         0.76      0.65      0         0         0         1       
   0.51     -0.41     -0.76      0.59     -0.47      0.65     -0.62     -0.78      1.4e-16 
   0.66     -0.64      0.41      0.44      0.76      0.47     -0.61     -0.13      0.78    
  -0.57      0.52      0.64     -0.58      0.3      -0.76     -0.58     -0.8       0.13    
  -0.67     -0.53      0.52     -0.44      0.85      0.3      -0.6      -0.029    -0.8     
   0.84      0.14      0.53      0.52      0.12     -0.85     -0.18      0.98      0.029   
   0.73     -0.67     -0.14     -0.68     -0.72     -0.12     -0.02      0.19     -0.98    
   0.73     -0.67     -0.14     -0.68     -0.72     -0.12     -0.02      0.19     -0.98    
   0.99      0.046    -0.14      0.028    -0.99     -0.12     -0.15      0.12     -0.98    
   0.99      0.046    -0.14      0.028    -0.99     -0.12     -0.15      0.12     -0.98    
   1         0         0         0         1         0         0         0         1       
   1         0         0         0         1         0         0         0         1       

XIPOS
   0         0         0       
  -3.2e-05  -0.04      0.38    
   0.00086  -0.025     0.83    
   0.024    -0.021     1       
   0.0042    0.053     1.2     
   0.13      0.18      1.3     
   0.24      0.19      1.3     
   0.35      0.36      1.1     
   0.48      0.37      1       
   0.49      0.36      0.95    
   0.48      0.38      0.9     
   0.47      0.36      0.82    
   0.47      0.38      0.82    
   0         0.95      0       
   0         0.47      0.67    

XIMAT
   1         0         0         0         1         0         0         0         1       
   0.0008   -1         0         1         0.0008    0         0         0         1       
  -0.01      1        -0.015    -0.35      0.011     0.94      0.94      0.015     0.35    
   0.65     -0.71      0.27      0.76      0.61     -0.23      0.00023   0.36      0.93    
   0.51     -0.56      0.65      0.59      0.78      0.21     -0.62      0.28      0.73    
  -0.28      0.88      0.38      0.085    -0.37      0.92      0.96      0.29      0.03    
  -0.2       0.89     -0.4      -0.12     -0.43     -0.9      -0.97     -0.13      0.19    
  -0.68     -0.65      0.34     -0.44      0.73      0.53     -0.59      0.21     -0.78    
   0.69      0.027     0.72     -0.72      0.029     0.69     -0.0022   -1         0.04    
  -0.14      0.99      0.039    -0.064     0.03     -1        -0.99     -0.14      0.059   
  -0.99     -0.14      0.042    -0.029    -0.093    -1         0.15     -0.99      0.088   
   0.031    -0.99     -0.14     -1        -0.027    -0.034     0.03      0.15     -0.99    
   0.056    -0.99     -0.14     -0.98     -0.027    -0.21      0.2       0.14     -0.97    
   1         0         0         0         1         0         0         0         1       
   0         0         1         0        -1         0         1         0         0       

XANCHOR
   0         0         1.1     
   0         0         1.1     
   0.13      0.15      1.4     
   0.18      0.19      1.3     
   0.43      0.35      1       
   0.43      0.35      1       
   0.5       0.39      1       
   0.48      0.37      0.87    
   0.48      0.37      0.87    

XAXIS
   0         0         1       
  -0.76      0.65      4.4e-16 
   0.41      0.47      0.78    
   0.64     -0.76      0.13    
   0.52      0.3      -0.8     
   0.53     -0.85      0.029   
  -0.14     -0.12     -0.98    
   0.046    -0.99      0.12    
  -0.046     0.99     -0.12    

GEOM_XPOS
  -0.78     -1         1.9     
   0         0         0.0001  
   0         0         8       
  -0.0072   -0.45      0.005   
  -0.032     0.097    -0.011   
   0.031    -0.097    -0.011   
  -2.2       10        4       
   0         10        3.5     
   2.2      -10        4       
   0        -10        3.5     
   10        2.2       4       
   10        0         3.5     
  -10       -2.2       4       
  -10        0         3.5     
  -3.2e-05  -0.04      0.38    
   0.00087  -0.022     0.83    
   0.00086  -0.029     0.83    
   0.025    -0.021     1       
   0.024    -0.02      1       
   0.0034    0.053     1.2     
   0.0049    0.054     1.2     
   0.13      0.18      1.3     
   0.13      0.24      1.3     
   0.13      0.17      1.3     
   0.24      0.19      1.3     
   0.24      0.13      1.3     
   0.24      0.2       1.3     
   0.35      0.36      1.1     
   0.36      0.42      1.1     
   0.35      0.35      1.1     
   0.48      0.37      1       
   0.48      0.36      1.1     
   0.48      0.37      1       
   0.49      0.37      0.95    
   0.49      0.32      0.95    
   0.49      0.37      0.95    
   0.48      0.38      0.9     
   0.48      0.38      0.9     
   0.47      0.36      0.83    
   0.47      0.35      0.78    
   0.47      0.35      0.78    
   0.47      0.35      0.79    
   0.47      0.35      0.79    
   0.47      0.35      0.8     
   0.47      0.35      0.8     
   0.47      0.35      0.81    
   0.47      0.35      0.81    
   0.47      0.35      0.82    
   0.47      0.35      0.82    
   0.47      0.35      0.83    
   0.47      0.35      0.83    
   0.48      0.36      0.85    
   0.47      0.38      0.82    
   0.47      0.37      0.78    
   0.47      0.37      0.78    
   0.47      0.37      0.79    
   0.47      0.37      0.79    
   0.47      0.37      0.8     
   0.47      0.37      0.8     
   0.47      0.38      0.81    
   0.47      0.38      0.81    
   0.47      0.38      0.82    
   0.47      0.38      0.82    
   0.47      0.38      0.83    
   0.47      0.38      0.83    
   0.48      0.38      0.85    
   0         0.47      0.73    
   0         0.47      0.66    
  -0.56      0.71      0.3     
  -0.56      0.24      0.3     
   0.56      0.71      0.3     
   0.56      0.24      0.3     
   0         0.47      0.73    
   0         0.47      0.66    
  -0.56      0.71      0.3     
  -0.56      0.24      0.3     
   0.56      0.71      0.3     
   0.56      0.24      0.3     

GEOM_XMAT
  -0.002    -0.56      0.83      0.0081   -0.83     -0.56      1         0.0056    0.0062  
   1         0         0         0         1         0         0         0         1       
   1         0         0         0        -1        -0.0016    0         0.0016   -1       
   0         0.00048   1         0        -1         0.00048   1         0         0       
  -0.017     0.39      0.92     -6.5e-08  -0.92      0.39      1         0.0067    0.016   
   0.017    -0.39     -0.92     -2.8e-05   0.92     -0.39      1         0.0067    0.016   
  -0.017    -0.051     1         0.99     -0.13      0.01      0.13      0.99      0.053   
   1         0         0         0         1         0         0         0         1       
   0.018     0.051    -1        -0.99      0.13     -0.012     0.13      0.99      0.053   
   1         0         0         0         1         0         0         0         1       
   0.99     -0.13      0.011     0.017     0.051    -1         0.13      0.99      0.053   
   1         0         0         0         1         0         0         0         1       
  -0.99      0.13     -0.0092   -0.016    -0.051     1         0.13      0.99      0.053   
   1         0         0         0         1         0         0         0         1       
   0.0008   -1         0         1         0.0008    0         0         0         1       
   0.005     1        -0.014    -0.35      0.015     0.94      0.94      0.00019   0.35    
  -0.022     1        -0.017    -0.36      0.0074    0.93      0.93      0.027     0.36    
   0.65     -0.7       0.28      0.76      0.6      -0.24     -0.00014   0.37      0.93    
   0.65     -0.71      0.26      0.76      0.61     -0.22      0.00032   0.34      0.94    
   0.51     -0.55      0.66      0.59      0.78      0.2      -0.62      0.29      0.73    
   0.51     -0.58      0.64      0.59      0.77      0.22     -0.62      0.27      0.74    
  -0.23      0.9       0.37      0.073    -0.37      0.93      0.97      0.24      0.021   
  -0.7      -0.085     0.71      0.7       0.1       0.7      -0.13      0.99     -0.011   
  -0.42      0.78      0.45      0.16     -0.43      0.89      0.89      0.45      0.052   
  -0.16      0.91     -0.39     -0.13     -0.41     -0.9      -0.98     -0.09      0.18    
   0.7      -0.056    -0.71     -0.71      0.12     -0.7       0.13      0.99      0.045   
  -0.37      0.8      -0.48     -0.0045   -0.51     -0.86     -0.93     -0.32      0.2     
  -0.68     -0.65      0.35     -0.44      0.73      0.53     -0.59      0.2      -0.78    
  -0.56      0.67      0.49      0.83      0.44      0.34      0.0079    0.59     -0.8     
  -0.67     -0.65      0.36     -0.44      0.74      0.51     -0.59      0.19     -0.78    
   0.69     -0.022     0.72     -0.72     -0.03      0.69      0.0062   -1        -0.037   
   0.58      0.61      0.54     -0.69      0.031     0.72      0.42     -0.79      0.44    
   0.64     -0.039     0.76     -0.76     -0.045     0.64      0.0091   -1        -0.059   
  -0.14      0.99      0.043    -0.075     0.033    -1        -0.99     -0.14      0.07    
  -0.15     -0.021     0.99      0.098     0.99      0.036    -0.98      0.1      -0.14    
  -0.14     -0.99     -0.037    -0.069    -0.028     1        -0.99      0.14     -0.064   
   0.99     -0.14     -0.041     0.028    -0.089     1        -0.15     -0.99     -0.084   
   0.99     -0.14     -0.042     0.029    -0.096     0.99     -0.15     -0.99     -0.091   
   0.03     -0.99     -0.15     -1        -0.025    -0.035     0.031     0.15     -0.99    
   0.17      0.18      0.97     -0.04     -0.98      0.19      0.98     -0.072    -0.16    
   0.16     -0.093     0.98      0.28     -0.95     -0.14      0.95      0.3      -0.12    
   0.17      0.18      0.97     -0.04     -0.98      0.19      0.98     -0.072    -0.16    
   0.16     -0.093     0.98      0.28     -0.95     -0.14      0.95      0.3      -0.12    
   0.17      0.18      0.97     -0.04     -0.98      0.19      0.98     -0.072    -0.16    
   0.16     -0.093     0.98      0.28     -0.95     -0.14      0.95      0.3      -0.12    
   0.17      0.18      0.97     -0.04     -0.98      0.19      0.98     -0.072    -0.16    
   0.16     -0.093     0.98      0.28     -0.95     -0.14      0.95      0.3      -0.12    
   0.17      0.18      0.97     -0.04     -0.98      0.19      0.98     -0.072    -0.16    
   0.16     -0.093     0.98      0.28     -0.95     -0.14      0.95      0.3      -0.12    
   0.17      0.18      0.97     -0.04     -0.98      0.19      0.98     -0.072    -0.16    
   0.16     -0.093     0.98      0.28     -0.95     -0.14      0.95      0.3      -0.12    
   0.99      0.041    -0.14      0.028    -1        -0.092    -0.15      0.087    -0.99    
  -0.054     0.99     -0.13      0.98      0.025    -0.21     -0.2      -0.14     -0.97    
   0.16     -0.093     0.98      0.28     -0.95     -0.14      0.95      0.3      -0.12    
   0.17      0.18      0.97     -0.04     -0.98      0.19      0.98     -0.072    -0.16    
   0.16     -0.093     0.98      0.28     -0.95     -0.14      0.95      0.3      -0.12    
   0.17      0.18      0.97     -0.04     -0.98      0.19      0.98     -0.072    -0.16    
   0.16     -0.093     0.98      0.28     -0.95     -0.14      0.95      0.3      -0.12    
   0.17      0.18      0.97     -0.04     -0.98      0.19      0.98     -0.072    -0.16    
   0.16     -0.093     0.98      0.28     -0.95     -0.14      0.95      0.3      -0.12    
   0.17      0.18      0.97     -0.04     -0.98      0.19      0.98     -0.072    -0.16    
   0.16     -0.093     0.98      0.28     -0.95     -0.14      0.95      0.3      -0.12    
   0.17      0.18      0.97     -0.04     -0.98      0.19      0.98     -0.072    -0.16    
   0.16     -0.093     0.98      0.28     -0.95     -0.14      0.95      0.3      -0.12    
   0.17      0.18      0.97     -0.04     -0.98      0.19      0.98     -0.072    -0.16    
   0.99      0.05     -0.14      0.028    -0.99     -0.15     -0.15      0.15     -0.98    
   1         0         0         0         1         0         0         0         1       
   1         0         0         0         1         0         0         0         1       
   1         0         0         0         1         0         0         0         1       
   1         0         0         0         1         0         0         0         1       
   1         0         0         0         1         0         0         0         1       
   1         0         0         0         1         0         0         0         1       
   1         0         0         0         1         0         0         0         1       
   1         0         0         0         1         0         0         0         1       
   1         0         0         0         1         0         0         0         1       
   1         0         0         0         1         0         0         0         1       
   1         0         0         0         1         0         0         0         1       
   1         0         0         0         1         0         0         0         1       

SITE_XPOS
   0.5       0         0       
   0         0.5       0       
   0         0.47      1       
   0         0.47      1       
   0.47      0.37      0.82    

SITE_XMAT
   2.2e-16  -0        -1         0         1        -0         1         0         2.2e-16 
   1         0         0         0         2.2e-16  -1         0         1         2.2e-16 
   1         0         0         0         1         0         0         0         1       
   1         0         0         0         1         0         0         0         1       
   0.99      0.046    -0.14      0.028    -0.99     -0.12     -0.15      0.12     -0.98    

CAM_XPOS
  -1.2      -0.5       1.8     
   1.2      -0.5       1.8     
   0         0.5       2.2     
   0.55      0.38      0.87    

CAM_XMAT
   0.7       0.28     -0.66     -0.72      0.31     -0.62      0.03      0.91      0.42    
   0.66     -0.32      0.67      0.75      0.25     -0.62      0.031     0.91      0.41    
   1         0         0         0         1         0         0         0         1       
   0.024     0.91      0.41     -0.99     -0.025     0.12      0.12     -0.41      0.91    

LIGHT_XPOS
  -4        -4         7       
   4        -4         7       
   0         4         7       

LIGHT_XDIR
   0.58      0.58     -0.58    
  -0.58      0.58     -0.58    
   0        -0.71     -0.71    

SUBTREE_COM
   0.023     0.37      0.69    
   0.091     0.062     0.74    
   0.18      0.16      1.1     
   0.22      0.2       1.1     
   0.25      0.24      1.2     
   0.31      0.29      1.2     
   0.36      0.32      1.1     
   0.41      0.36      1.1     
   0.48      0.37      0.99    
   0.49      0.37      0.91    
   0.48      0.38      0.89    
   0.47      0.36      0.82    
   0.47      0.38      0.82    
   0         0.48      0.67    
   0         0.48      0.67    

CDOF
   0         0         1        -0.062     0.091     0       
  -0.76      0.65      4.4e-16  -0.24     -0.28     -0.11    
   0.41      0.47      0.78     -0.22      0.22     -0.018   
   0.64     -0.76      0.13      0.45      0.35     -0.15    
   0.52      0.3      -0.8      -0.32      0.43     -0.048   
   0.53     -0.85      0.029     0.27      0.15     -0.44    
  -0.14     -0.12     -0.98     -0.29      0.36     -0.0037  
   0         0         0         0.046    -0.99      0.12    
   0         0         0        -0.046     0.99     -0.12    

CINERT
   0         0         0         0         0         0         0         0         0         0       
   7.2       7.1       0.93     -0.33     -1.2      -1.3      -3.3      -3.7      -13        36      
   0.12      0.12      0.12     -0.048     0.052     0.047    -0.55     -0.53      0.58      6.1     
   0.52      0.51      0.068    -0.026     0.096     0.13     -0.33     -0.41      1.5       5       
   0.94      0.98      0.058    -0.0061    0.18      0.014    -0.44     -0.041     2.1       5       
   1.5       1.4       0.089    -0.023    -0.088    -0.3       0.16      0.53      2.5       4.5     
   1.5       1.6       0.2      -0.093    -0.38     -0.33      0.68      0.59      2.6       4.5     
   1.5       1.4       1        -0.49     -0.61     -0.69      1.6       1.8       2.4       6.2     
   0.61      0.79      0.78     -0.38     -0.38     -0.3       1.2       0.97      0.98      3.2     
   0.1       0.15      0.19     -0.09     -0.064    -0.048     0.3       0.22      0.16      0.74    
   0.19      0.26      0.37     -0.18     -0.092    -0.074     0.57      0.46      0.23      1.4     
   0.0088    0.014     0.022    -0.01     -0.0031   -0.0024    0.035     0.027     0.0082    0.093   
   0.01      0.014     0.023    -0.011    -0.003    -0.0025    0.035     0.029     0.0079    0.093   
   0         0         0         0         0         0         0         0        -0         0       
   9.9       31        36        0         0         0         0        -1.2e-14   0         2.2e+02 

ACTUATOR_LENGTH
  -0.71    
   0.67    
  -0.21    
  -1.9     
   0.17    
   0.75    
   0.52    
  -9.4e-07 
   0.00022 

ACTUATOR_MOMENT
   1         0         0         0         0         0         0         0         0       
   0         1         0         0         0         0         0         0         0       
   0         0         1         0         0         0         0         0         0       
   0         0         0         1         0         0         0         0         0       
   0         0         0         0         1         0         0         0         0       
   0         0         0         0         0         1         0         0         0       
   0         0         0         0         0         0         1         0         0       
   0         0         0         0         0         0         0         1         0       
   0         0         0         0         0         0         0         0         1       

CRB
   0         0         0         0         0         0         0         0         0         0       
   14        14        3.8      -1.7      -2.5      -2.9       0        -4.4e-16  -1.8e-15   73      
   7         7.2       2.9      -1.4      -1.3      -1.6       3.3       3.7       13        37      
   6.9       7.1       2.8      -1.3      -1.4      -1.6       3.8       4.2       13        31      
   6.4       6.6       2.7      -1.3      -1.4      -1.7       4.2       4.6       11        26      
   5.5       5.6       2.7      -1.3      -1.6      -1.7       4.6       4.7       8.8       21      
   4         4.2       2.6      -1.2      -1.5      -1.4       4.5       4.1       6.4       16      
   2.4       2.6       2.4      -1.2      -1.2      -1.1       3.8       3.6       3.8       12      
   0.92      1.2       1.4      -0.67     -0.54     -0.43      2.2       1.7       1.4       5.6     
   0.31      0.45      0.6      -0.29     -0.16     -0.13      0.94      0.74      0.41      2.4     
   0.21      0.29      0.42     -0.2      -0.099    -0.079     0.64      0.51      0.25      1.6     
   0.0088    0.014     0.022    -0.01     -0.0031   -0.0024    0.035     0.027     0.0082    0.093   
   0.01      0.014     0.023    -0.011    -0.003    -0.0025    0.035     0.029     0.0079    0.093   
   9.9       31        36        0         0         0         0        -1.2e-14   0         2.2e+02 
   9.9       31        36        0         0         0         0        -1.2e-14   0         2.2e+02 

QM
   4.4      -0.047     3.3       0.25     -0.081    -0.014    -0.00097  -0.045     0.045   
  -0.047     4.7       0.31     -2.2      -0.093    -0.26      0.00044   0.013    -0.013   
   3.3       0.31      2.8      -0.00045  -0.054    -0.047    -0.00058  -0.047     0.047   
   0.25     -2.2      -0.00045   1.9       0.08      0.25     -0.0035   -0.027     0.027   
  -0.081    -0.093    -0.054     0.08      0.051    -0.00012   0.0041   -0.0075    0.0075  
  -0.014    -0.26     -0.047     0.25     -0.00012   0.076    -0.001    -0.0096    0.0096  
  -0.00097   0.00044  -0.00058  -0.0035    0.0041   -0.001     0.006    -1.5e-06  -1.5e-06 
  -0.045     0.013    -0.047    -0.027    -0.0075   -0.0096   -1.5e-06   5.1       0       
   0.045    -0.013     0.047     0.027     0.0075    0.0096   -1.5e-06   0         5.1     

QLD
   0.36     -0.061     1.2       0.44     -1.7      -0.19     -0.16     -0.0088    0.0088  
  -0.061     2         0.13     -1.3      -1.9      -3.4       0.073     0.0025   -0.0025  
   1.2       0.13      2.7       0.25     -1.1      -0.62     -0.097    -0.0093    0.0093  
   0.44     -1.3       0.25      0.98      1.7       3.3      -0.58     -0.0052    0.0052  
  -1.7      -1.9      -1.1       1.7       0.048     0.0071    0.68     -0.0015    0.0015  
  -0.19     -3.4      -0.62      3.3       0.0071    0.076    -0.17     -0.0019    0.0019  
  -0.16      0.073    -0.097    -0.58      0.68     -0.17      0.006    -2.9e-07  -2.9e-07 
  -0.0088    0.0025   -0.0093   -0.0052   -0.0015   -0.0019   -2.9e-07   5.1       0       
   0.0088   -0.0025    0.0093    0.0052    0.0015    0.0019   -2.9e-07   0         5.1     

QLDIAGINV
   2.8     
   0.49    
   0.37    
   1       
   21      
   13      
   1.7e+02 
   0.2     
   0.2     

QLDIAGSQRTINV
   1.7     
   0.7     
   0.61    
   1       
   4.6     
   3.6     
   13      
   0.44    
   0.44    

D_rownnz              9 9 9 9 9 9 9 8 8

D_rowadr              0 9 18 27 36 45 54 63 71

D_colind              0 1 2 3 4 5 6 7 8 0 1 2 3 4 5 6 7 8 0 1 2 3 4 5 6 7 8 0 1 2 3 4 5 6 7 8 0 1 2 3 4 5 6 7 8 0 1 2 3 4 5 6 7 8 0 1 2 3 4 5 6 7 8 0 1 2 3 4 5 6 7 0 1 2 3 4 5 6 8

B_rownnz              9 9 9 9 9 9 9 9 9 9 9 8 8 0 0

B_rowadr              0 9 18 27 36 45 54 63 72 81 90 99 107 115 115

B_colind              0 1 2 3 4 5 6 7 8 0 1 2 3 4 5 6 7 8 0 1 2 3 4 5 6 7 8 0 1 2 3 4 5 6 7 8 0 1 2 3 4 5 6 7 8 0 1 2 3 4 5 6 7 8 0 1 2 3 4 5 6 7 8 0 1 2 3 4 5 6 7 8 0 1 2 3 4 5 6 7 8 0 1 2 3 4 5 6 7 8 0 1 2 3 4 5 6 7 8 0 1 2 3 4 5 6 7 0 1 2 3 4 5 6 8

QDERIV
   0         0         0         0         0         0         0         0         0       
   0         0         0         0         0         0         0         0         0       
   0         0         0         0         0         0         0         0         0       
   0         0         0         0         0         0         0         0         0       
   0         0         0         0         0         0         0         0         0       
   0         0         0         0         0         0         0         0         0       
   0         0         0         0         0         0         0         0         0       
   0         0         0         0         0         0         0         0         0       
   0         0         0         0         0         0         0         0         0       

QLU
   0         0         0         0         0         0         0         0         0       
   0         0         0         0         0         0         0         0         0       
   0         0         0         0         0         0         0         0         0       
   0         0         0         0         0         0         0         0         0       
   0         0         0         0         0         0         0         0         0       
   0         0         0         0         0         0         0         0         0       
   0         0         0         0         0         0         0         0         0       
   0         0         0         0         0         0         0         0         0       
   0         0         0         0         0         0         0         0         0       

CONTACT
EFC_TYPE
  3

EFC_ID
  7

EFC_J
   0         0         0         0         0         0         0         1         0       

EFC_POS
  -9.4e-07 

EFC_MARGIN
   0       

EFC_FRICTIONLOSS
   0       

EFC_DIAGAPPROX
   0.2     

EFC_KBIP
   2.8e+03   1.1e+02   0.9      -0.19    

EFC_D
   46      

EFC_R
   0.022   

ACTUATOR_VELOCITY
  -0.00061 
   0.0084  
  -8.8e-05 
   0.0021  
   0.00021 
  -8.5e-05 
  -8.6e-05 
   7.6e-08 
  -1.6e-05 

CVEL
   0         0         0         0         0         0       
   0         0         0         0         0         0       
   0         0         0         0         0         0       
   0         0        -0.00061   3.8e-05  -5.6e-05   0       
  -0.0063    0.0054   -0.00061  -0.002    -0.0024   -0.00089 
  -0.0064    0.0054   -0.00068  -0.002    -0.0024   -0.00088 
  -0.005     0.0038   -0.00041  -0.001    -0.0017   -0.0012  
  -0.0049    0.0038   -0.00058  -0.0011   -0.0016   -0.0012  
  -0.005     0.0039   -0.00058  -0.0011   -0.0016   -0.0012  
  -0.0049    0.0039   -0.00049  -0.0011   -0.0016   -0.0012  
  -0.0049    0.0039   -0.00049  -0.0011   -0.0016   -0.0012  
  -0.0049    0.0039   -0.00049  -0.0011   -0.0016   -0.0012  
  -0.0049    0.0039   -0.00049  -0.0011   -0.0017   -0.0012  
   0         0         0         0         0         0       
   0         0         0         0         0         0       

CDOF_DOT
   0         0         0         0         0         0       
   0.0004    0.00047   0        -0.00017   0.00015  -1.8e-05 
   0.0046    0.0047   -0.0052   -0.0014    0.0012   -0.00015 
   0.00018   0.0004    0.0014   -0.0016   -0.0016   -0.0016  
  -0.0029   -0.0042   -0.0034    0.0017   -0.0015   -0.00038 
  -0.00038  -0.00016   0.0021   -0.0027   -0.0029   -3.2e-05 
  -0.0039   -0.0048    0.0012    0.0016   -0.00077  -0.00076 
   0         0        -0        -3.2e-05   0.00055   0.0047  
   0         0        -0         3.2e-05  -0.00055  -0.0047  

QFRC_BIAS
  -3.2e-05 
  -88      
  -6.5     
   35      
   1.5     
   3.1     
   0.019   
   0.11    
  -0.11    

QFRC_SPRING
   0       
   0       
   0       
   0       
   0       
   0       
   0       
   0       
   0       

QFRC_DAMPER
   0.061   
  -0.84    
   0.0088  
  -0.21    
  -0.0021  
   0.00085 
   0.00086 
  -7.6e-06 
   0.0016  

QFRC_GRAVCOMP
   0       
   0       
   0       
   0       
   0       
   0       
   0       
   0       
   0       

QFRC_FLUID
   0       
   0       
   0       
   0       
   0       
   0       
   0       
   0       
   0       

QFRC_PASSIVE
   0.061   
  -0.84    
   0.0088  
  -0.21    
  -0.0021  
   0.00085 
   0.00086 
  -7.6e-06 
   0.0016  

EFC_VEL
   7.6e-08 

EFC_AREF
   0.0023  

SUBTREE_LINVEL
   0         0         0       
   0         0         0       
   0         0         0       
   0         0         0       
   0         0         0       
   0         0         0       
   0         0         0       
   0         0         0       
   0         0         0       
   0         0         0       
   0         0         0       
   0         0         0       
   0         0         0       
   0         0         0       
   0         0         0       

SUBTREE_ANGMOM
   0         0         0       
   0         0         0       
   0         0         0       
   0         0         0       
   0         0         0       
   0         0         0       
   0         0         0       
   0         0         0       
   0         0         0       
   0         0         0       
   0         0         0       
   0         0         0       
   0         0         0       
   0         0         0       
   0         0         0       

ACTUATOR_FORCE
  -0.055   
  -87      
  -6.5     
   35      
   1.5     
   3       
   0.018   
   0.00047 
  -0.11    

QFRC_ACTUATOR
  -0.055   
  -87      
  -6.5     
   35      
   1.5     
   3       
   0.018   
   0.00047 
  -0.11    

QFRC_SMOOTH
   0.0067  
   0.076   
   0.011   
  -0.057   
  -0.0026  
  -0.0069  
   9.1e-05 
  -0.11    
  -0.00058 

QACC_SMOOTH
   0.006   
   0.004   
  -0.004   
  -0.027   
   0.0011  
   0.008   
   0.00018 
  -0.021   
   6.4e-06 

EFC_B
  -0.023   

EFC_FORCE
   0.11    

EFC_STATE
  1

QFRC_CONSTRAINT
   0       
   0       
   0       
   0       
   0       
   0       
   0       
   0.11    
   0       

QFRC_INVERSE
   0       
   0       
   0       
   0       
   0       
   0       
   0       
   0       
   0       

CACC
   0         0         0         0         0         0       
   0         0         0         0         0         0       
   0         0         0         0         0         0       
   0         0         0         0         0         0       
   0         0         0         0         0         0       
   0         0         0         0         0         0       
   0         0         0         0         0         0       
   0         0         0         0         0         0       
   0         0         0         0         0         0       
   0         0         0         0         0         0       
   0         0         0         0         0         0       
   0         0         0         0         0         0       
   0         0         0         0         0         0       
   0         0         0         0         0         0       
   0         0         0         0         0         0       

CFRC_INT
   0         0         0         0         0         0       
   0         0         0         0         0         0       
   0         0         0         0         0         0       
   0         0         0         0         0         0       
   0         0         0         0         0         0       
   0         0         0         0         0         0       
   0         0         0         0         0         0       
   0         0         0         0         0         0       
   0         0         0         0         0         0       
   0         0         0         0         0         0       
   0         0         0         0         0         0       
   0         0         0         0         0         0       
   0         0         0         0         0         0       
   0         0         0         0         0         0       
   0         0         0         0         0         0       

CFRC_EXT
   0         0         0         0         0         0       
   0         0         0         0         0         0       
   0         0         0         0         0         0       
   0         0         0         0         0         0       
   0         0         0         0         0         0       
   0         0         0         0         0         0       
   0         0         0         0         0         0       
   0         0         0         0         0         0       
   0         0         0         0         0         0       
   0         0         0         0         0         0       
   0         0         0         0         0         0       
   0         0         0         0         0         0       
   0         0         0         0         0         0       
   0         0         0         0         0         0       
   0         0         0         0         0         0       

